TDRS 3                  
1 19548U 88091B   24008.35257650 -.00000280  00000+0  00000+0 0  9999
2 19548  13.2873 347.0556 0040117 335.2952 222.9173  1.00279710116455
HST                     
1 20580U 90037B   24008.37633580  .00005115  00000+0  25348-3 0  9999
2 20580  28.4707 340.5904 0002613  87.1317  44.1103 15.15454384652599
TDRS 5                  
1 21639U 91054B   24008.80247303  .00000102  00000+0  00000+0 0  9992
2 21639  14.1831   0.2958 0025291 355.2158 233.9479  1.00273054118776
TDRS 6                  
1 22314U 93003B   24008.41056307 -.00000278  00000+0  00000+0 0  9993
2 22314  14.1575   3.5942 0007443 165.1491  40.6991  1.00272542113473
TDRS 7                  
1 23613U 95035B   24008.44563674 -.00000181  00000+0  00000+0 0  9999
2 23613  13.7485 354.3679 0023311  61.5849 296.5570  1.00267338104228
ISS (ZARYA)             
1 25544U 98067A   24008.56406552  .00012828  00000+0  23097-3 0  9991
2 25544  51.6418  31.2099 0003911  10.8194  97.2092 15.50171132433643
LANDSAT 7               
1 25682U 99020A   24008.78432047  .00000509  00000+0  11408-3 0  9992
2 25682  97.9067  43.0198 0001638  98.2465  21.2975 14.60404877315781
TERRA                   
1 25994U 99068A   24008.82660845  .00000559  00000+0  12720-3 0  9997
2 25994  98.0714  76.8922 0002835 124.1489 345.3250 14.59523560279775
TDRS 8                  
1 26388U 00034A   24008.75360803  .00000111  00000+0  00000+0 0  9991
2 26388  11.2827  38.4877 0005228 237.8418 295.0367  1.00276173 86246
TIMED                   
1 26998U 01055B   24008.75017171  .00001288  00000+0  13549-3 0  9991
2 26998  74.0695 222.0178 0002149 278.1255  81.9683 14.90585562198058
TDRS 9                  
1 27389U 02011A   24008.15396632  .00000049  00000+0  00000+0 0  9993
2 27389  10.2550  55.3319 0003122 147.3960  38.8703  0.98978937 81466
AQUA                    
1 27424U 02022A   24008.82968247  .00001184  00000+0  26376-3 0  9995
2 27424  98.3122 317.8583 0000559  84.6545 328.2848 14.58731203153336
TDRS 10                 
1 27566U 02055A   24008.75291185  .00000104  00000+0  00000+0 0  9993
2 27566   9.2599  46.5001 0004717 291.6759 229.6650  1.00265867 77308
SORCE                   
1 27651U 03004A   24008.16785940  .00002682  00000+0  26199-3 0  9999
2 27651  39.9938 268.7272 0019547 180.2519 179.8264 14.93603771138156
AURA                    
1 28376U 04026A   24008.81993731  .00001149  00000+0  25968-3 0  9990
2 28376  98.2344 315.0050 0001086 100.6800 259.4521 14.58079024 36346
SWIFT                   
1 28485U 04047A   24007.96950534  .00008574  00000+0  42246-3 0  9990
2 28485  20.5563 251.3943 0009231   0.2115 359.8324 15.14747012 49662
THEMIS A                
1 30580U 07004A   24008.26311808  .00000040  00000+0 -87360-1 0  9999
2 30580  10.8613 278.6257 8313877 290.2024 152.8691  0.87833435 33447
THEMIS D                
1 30797U 07004D   24008.79228285  .00000082  00000+0  00000+0 0  9992
2 30797   7.1859 270.7694 8291364 301.6364 307.2421  0.87834569 57662
THEMIS E                
1 30798U 07004E   24007.75062515  .00000054  00000+0  00000+0 0  9999
2 30798   8.4435 289.9482 8291792 283.9282 354.6230  0.87832261 58077
AIM                     
1 31304U 07015A   24008.40936401  .00033348  00000+0  76028-3 0  9991
2 31304  97.8899 328.2976 0003790 138.2486 221.9050 15.42845910918175
FGRST (GLAST)           
1 33053U 08029A   24008.04812131  .00002868  00000+0  13141-3 0  9993
2 33053  25.5816 234.7578 0010917 316.8905  43.0776 15.15496598860092
WISE                    
1 36119U 09071A   24008.63375134  .00022958  00000+0  39726-3 0  9998
2 36119  97.1719  44.6482 0002577  58.7562 301.3942 15.50941121783287
TDRS 11                 
1 39070U 13004A   24008.55571934  .00000103  00000+0  00000+0 0  9992
2 39070   2.6964   5.7751 0003034  28.8367  98.6473  1.00275254 37763
TDRS 12                 
1 39504U 14004A   24008.77879434 -.00000242  00000+0  00000+0 0  9990
2 39504   3.5585 359.5093 0003576 237.7570 110.0809  1.00272040 36526
GPM-CORE                
1 39574U 14009C   24008.47549606  .00014557  00000+0  31470-3 0  9996
2 39574  64.9895  50.8787 0011728 277.7899  82.1910 15.44650430560233
MMS 1                   
1 40482U 15011A   24008.91667824 -.00001275  00000+0  00000+0 0  9997
2 40482  37.5190  28.0343 9162073 131.7475 310.2350  0.28484974 14927
MMS 2                   
1 40483U 15011B   24008.91667824 -.00001274  00000+0  00000+0 0  9997
2 40483  37.5262  28.0463 9161344 131.7377 310.2528  0.28485127 14908
MMS 3                   
1 40484U 15011C   24008.91667824 -.00001274  00000+0  00000+0 0  9998
2 40484  37.5174  28.0416 9160378 131.7401 310.2388  0.28484960 14901
MMS 4                   
1 40485U 15011D   24008.91667824 -.00001275  00000+0  00000+0 0  9990
2 40485  37.5212  28.0413 9161252 131.7314 310.2727  0.28485021 14903
TDRS 13                 
1 42915U 17047A   24008.28799286 -.00000070  00000+0  00000+0 0  9991
2 42915   3.7811 341.3987 0012070 115.1415 102.9335  1.00271512 23418
JPSS-1                  
1 43013U 17073A   24008.79603493  .00000109  00000+0  72609-4 0  9991
2 43013  98.7341 309.1444 0000575  77.4786 282.6454 14.19559340318145
