HST                     
1 20580U 90037B   24008.37633580  .00005115  00000+0  25348-3 0  9999
2 20580  28.4707 340.5904 0002613  87.1317  44.1103 15.15454384652599
POLAR                   
1 23802U 96013A   24004.85388721  .00000279  00000+0  00000+0 0  9992
2 23802  79.0068 236.2031 5807700 239.3895  51.1343  1.29846981133248
SWAS                    
1 25560U 98071A   24008.38374836  .00003313  00000+0  28338-3 0  9995
2 25560  69.8991 346.5902 0007458 206.5645 153.5132 14.98593049363287
CXO                     
1 25867U 99040B   24009.20773412  .00000606  00000+0  00000+0 0  9991
2 25867  38.2285 170.7177 9004772 283.7284   0.3392  0.37813899 25115
XMM-NEWTON              
1 25989U 99066A   24005.12713851  .00000108  00000+0  00000+0 0  9999
2 25989  68.4090 295.3361 5311278  79.5689  40.7532  0.50138331 18534
TERRA                   
1 25994U 99068A   24008.82660845  .00000559  00000+0  12720-3 0  9997
2 25994  98.0714  76.8922 0002835 124.1489 345.3250 14.59523560279775
CLUSTER II-FM7 (SAMBA)  
1 26410U 00041A   24011.03187693  .00001013  00000+0  00000+0 0  9996
2 26410 137.7605 355.1860 7062266 209.8509 359.5142  0.44237286 28100
CLUSTER II-FM6 (SALSA)  
1 26411U 00041B   24008.76643232  .00003311  00000+0  00000+0 0  9992
2 26411 144.9304  10.8218 8685941 225.1087 359.4059  0.44233836 16406
CLUSTER II-FM5 (RUMBA)  
1 26463U 00045A   24008.76499636  .00002896  00000+0  00000+0 0  9997
2 26463 147.4472   8.8372 8190312 223.8528 359.3744  0.44230164 16279
CLUSTER II-FM8 (TANGO)  
1 26464U 00045B   24011.03161450  .00001014  00000+0  00000+0 0  9993
2 26464 137.7844 355.1969 7062665 209.8542 359.5353  0.44220566 64022
ODIN                    
1 26702U 01007A   24008.60130697  .00007585  00000+0  37306-3 0  9997
2 26702  97.4934  24.9070 0009968 115.8309 244.3954 15.18258323252509
TIMED                   
1 26998U 01055B   24008.75017171  .00001288  00000+0  13549-3 0  9991
2 26998  74.0695 222.0178 0002149 278.1255  81.9683 14.90585562198058
INTEGRAL                
1 27540U 02048A   24004.28308699 -.00000093  00000+0  00000+0 0  9998
2 27540  87.2531  28.7257 8698446 286.5228  38.1743  0.37579108 23275
CORIOLIS                
1 27640U 03001A   24008.64921480  .00000196  00000+0  11417-3 0  9993
2 27640  98.7148  18.4365 0013090 256.3404 103.6315 14.19374882 87823
SORCE                   
1 27651U 03004A   24008.16785940  .00002682  00000+0  26199-3 0  9999
2 27651  39.9938 268.7272 0019547 180.2519 179.8264 14.93603771138156
MOST                    
1 27843U 03031D   24008.57716538  .00000131  00000+0  80576-4 0  9991
2 27843  98.7077  17.8593 0009025 307.2158  52.8195 14.20883547 64214
SCISAT 1                
1 27858U 03036A   24008.82224695  .00001011  00000+0  14263-3 0  9995
2 27858  73.9326 137.0720 0007025  34.6138 325.5493 14.78711302 99712
SWIFT                   
1 28485U 04047A   24007.96950534  .00008574  00000+0  42246-3 0  9990
2 28485  20.5563 251.3943 0009231   0.2115 359.8324 15.14747012 49662
CLOUDSAT                
1 29107U 06016A   24008.84867101  .00000809  00000+0  16163-3 0  9997
2 29107  98.4004 347.4469 0002545 346.4275  13.6858 14.64625416942634
CALIPSO                 
1 29108U 06016B   24008.55391573  .00001585  00000+0  30533-3 0  9990
2 29108  98.4012 346.7012 0001343  89.7304 270.4052 14.64985826942425
HINODE (SOLAR-B)        
1 29479U 06041A   24008.62848016  .00000883  00000+0  16978-3 0  9993
2 29479  98.0978  26.1932 0017139 225.4352 134.5454 14.65954937924263
SJ-6C                   
1 29505U 06046A   24008.74763949  .00005313  00000+0  41982-3 0  9998
2 29505  97.7397  36.3393 0007266 333.7735  26.3120 15.01076527938079
SJ-6D                   
1 29506U 06046B   24008.74501143  .00002448  00000+0  22135-3 0  9990
2 29506  97.7547  35.1460 0003471 107.1283 253.0319 14.96363698937332
AGILE                   
1 31135U 07013A   23350.08251854  .00107066  00000+0  57419-3 0  9998
2 31135   2.4639 161.3495 0003314 233.1200 126.8551 15.78206954561928
FGRST (GLAST)           
1 33053U 08029A   24008.04812131  .00002868  00000+0  13141-3 0  9993
2 33053  25.5816 234.7578 0010917 316.8905  43.0776 15.15496598860092
WISE                    
1 36119U 09071A   24008.63375134  .00022958  00000+0  39726-3 0  9998
2 36119  97.1719  44.6482 0002577  58.7562 301.3942 15.50941121783287
SDO                     
1 36395U 10005A   24008.25049427 -.00000077  00000+0  00000+0 0  9992
2 36395  32.7935 100.1211 0002607 211.0761 144.0575  1.00269164 51120
CRYOSAT 2               
1 36508U 10013A   24008.56610078  .00000196  00000+0  47803-4 0  9995
2 36508  92.0300  62.1053 0005593 102.1101 258.0733 14.51907137728859
X-SAT                   
1 37389U 11015C   24008.78670308  .00000120  00000+0  68976-4 0  9993
2 37389  98.2951  21.6016 0015310  79.3663 280.9240 14.24611001661396
GCOM-W1 (SHIZUKU)       
1 38337U 12025A   24008.46900042  .00000779  00000+0  18326-3 0  9998
2 38337  98.2238 310.8217 0001523  87.2099  29.6904 14.57015605619321
NUSTAR                  
1 38358U 12031A   24006.08911756  .00004824  00000+0  37111-3 0  9996
2 38358   6.0245 180.9299 0011267 278.0210  81.8641 14.94064887629737
NEOSSAT                 
1 39089U 13009D   24008.47474432  .00000254  00000+0  10405-3 0  9994
2 39089  98.4019 200.0581 0011664  26.4109 333.7669 14.35023782568953
BRITE-AUSTRIA           
1 39091U 13009F   24008.47532731  .00000277  00000+0  11063-3 0  9990
2 39091  98.3831 200.4406 0010839  25.1811 334.9902 14.35647454569206
IRIS                    
1 39197U 13033A   24008.50054746  .00001742  00000+0  22955-3 0  9993
2 39197  97.9638 200.0350 0026219 345.4517  14.5938 14.81196339568297
HISAKI (SPRINT-A)       
1 39253U 13049A   24008.51645767  .00000129  00000+0  89558-4 0  9994
2 39253  29.7210  67.6337 0137119 357.0012   2.9732 13.55365248510491
CASSIOPE                
1 39265U 13055A   24008.55960094  .00023268  00000+0  52146-3 0  9992
2 39265  80.9576  13.4808 0534558  43.3254 320.8701 14.60897816534864
STSAT-3                 
1 39422U 13066G   24008.83539277  .00002232  00000+0  21634-3 0  9991
2 39422  97.5042 355.2411 0021427 172.3892 187.7658 14.93492722550878
SWARM B                 
1 39451U 13067A   24008.81002432  .00003336  00000+0  15917-3 0  9993
2 39451  87.7478 250.3836 0002679  82.0255 278.1293 15.18746443562264
SWARM A                 
1 39452U 13067B   24008.55453290  .00005450  00000+0  18826-3 0  9998
2 39452  87.3442  20.7327 0002911  76.5255 283.6319 15.29707301569183
SWARM C                 
1 39453U 13067C   24008.55445835  .00007602  00000+0  26305-3 0  9997
2 39453  87.3441  19.3293 0002945  76.5089 283.6488 15.29712331569143
BRITE-CA1 (TORONTO)     
1 40020U 14033L   24008.82198445  .00001639  00000+0  27566-3 0  9999
2 40020  97.8517 151.9290 0083086 243.6943 115.5711 14.68691751511431
OCO 2                   
1 40059U 14035A   24008.85494498  .00000715  00000+0  16873-3 0  9996
2 40059  98.2239 311.9406 0000747  88.3035 271.8249 14.57107504506404
BRITE-PL2 (HEWELIUSZ)   
1 40119U 14049B   24008.26191493  .00001953  00000+0  21990-3 0  9993
2 40119  97.8826 108.8684 0016518 169.5519 190.6044 14.87717051508647
RESURS P2               
1 40360U 14087A   24008.78768166  .00017770  00000+0  31234-3 0  9993
2 40360  97.1676  95.3810 0007155 162.7710 197.3787 15.50523850506141
MMS 1                   
1 40482U 15011A   24008.91667824 -.00001275  00000+0  00000+0 0  9997
2 40482  37.5190  28.0343 9162073 131.7475 310.2350  0.28484974 14927
MMS 2                   
1 40483U 15011B   24008.91667824 -.00001274  00000+0  00000+0 0  9997
2 40483  37.5262  28.0463 9161344 131.7377 310.2528  0.28485127 14908
MMS 3                   
1 40484U 15011C   24008.91667824 -.00001274  00000+0  00000+0 0  9998
2 40484  37.5174  28.0416 9160378 131.7401 310.2388  0.28484960 14901
MMS 4                   
1 40485U 15011D   24008.91667824 -.00001275  00000+0  00000+0 0  9990
2 40485  37.5212  28.0413 9161252 131.7314 310.2727  0.28485021 14903
ASTROSAT                
1 40930U 15052A   24006.16340880  .00001943  00000+0  17423-3 0  9997
2 40930   5.9997  85.2473 0008613 282.4744  77.4420 14.78268977447249
DAMPE                   
1 41173U 15078A   24008.75411648  .00001666  00000+0  66782-4 0  9998
2 41173  97.4201   3.1373 0012980 357.0405   3.0754 15.26371168448502
PISAT                   
1 41784U 16059B   24008.57636936  .00001112  00000+0  21318-3 0  9996
2 41784  97.8500  37.8669 0031369 161.2566 198.9801 14.65303951389130
HXMT (HUIYAN)           
1 42758U 17034A   24008.69286518  .00006883  00000+0  37392-3 0  9991
2 42758  43.0159  83.7225 0003545 258.2071 101.8378 15.14989462362502
FLYING LAPTOP           
1 42831U 17042G   24008.57132936  .00002009  00000+0  19289-3 0  9994
2 42831  97.3801 198.9670 0011814 256.0481 103.9426 14.94066391353143
ZHANGZHENG-1 (CSES)     
1 43194U 18015C   24008.80585275  .00012661  00000+0  57765-3 0  9998
2 43194  97.5862 151.1843 0017675   4.7792 355.3609 15.20621862329310
SALSAT                  
1 46495U 20068K   24008.42721840  .00005533  00000+0  34051-3 0  9997
2 46495  97.7963 324.2565 0015694 136.7636 223.4827 15.10337965180024
IXPE                    
1 49954U 21121A   24006.41326874  .00004793  00000+0  34592-3 0  9993
2 49954   0.2278 159.1773 0010150  26.2214 174.5899 14.96025373113478
